0.3 0.181859571
2.3 -0.0106616022
4.3 0.607155436
6.3 0.0123107526
8.3 0.257471068
10.3 -0.0340302252
12.3 -0.0738597326
14.3 0.537982631
16.3 0.483163571
18.3 0.531683179
20.3 0.212874859
22.3 0.21040535
24.3 0.0689414046
26.3 -0.0625168931
28.3 0.163030542
30.3 -0.127082873
32.3 0.0614762878
34.3 0.205041442
36.3 0.228612678
38.3 -0.546597793
40.3 0.446440429
42.3 -0.210636216
44.3 -0.124373075
46.3 -0.700103396
48.3 -1.56516043
50.3 -0.657544081
52.3 -0.775920944
54.3 -0.12729095
56.3 -0.618654033
58.3 -0.668343462
60.3 -0.556359188
62.3 -0.344367816
64.3 -0.789035959
66.3 -0.425363578
68.3 0.0673160374
70.3 -0.680997074
72.3 -0.124687496
74.3 -0.181315623
76.3 -0.139392415
78.3 -0.0335094195
80.3 0.109119102
82.3 0.189278898
84.3 0.225874759
86.3 1.10819244
88.3 0.338517669
90.3 -0.00372092992
92.3 0.199298109
94.3 -0.134425173
96.3 -0.228140732
98.3 0.0214014716
100.3 -0.144798521
102.3 0.117009329
104.3 0.306825059
106.3 0.10531538
108.3 -0.29526968
110.3 0.136069931
112.3 0.81366758
114.3 -0.0264472815
116.3 -0.221737841
118.3 -0.246946707
120.3 -0.300860605
122.3 0.0614102123
124.3 -0.202928327
126.3 0.728329683
128.3 0.25349311
130.3 -0.355085069
132.3 0.640095186
134.3 0.0340339151
136.3 -0.467018842
138.3 -0.495563045
140.3 0.0650189935
142.3 0.599580238
144.3 -0.286143967
146.3 -0.911271247
148.3 -0.537272148
150.3 -0.229146643
152.3 0.304281753
154.3 -0.838604569
156.3 -0.69824678
158.3 -0.848909562
160.3 0.321024733
162.3 -0.32550271
164.3 -0.352094817
166.3 0.464410162
168.3 -0.0239289433
170.3 -0.0885827258
172.3 -0.875654128
174.3 -0.563893154
176.3 -0.649365996
178.3 -0.849756489
180.3 -0.982674948
182.3 -0.776761122
184.3 -0.735912087
186.3 -0.456083791
188.3 -0.880070383
190.3 -0.917136643
192.3 -0.872944396
194.3 -1.22186872
196.3 -1.36041704
198.3 -0.689067405
200.3 -1.07859197
202.3 -1.02498351
204.3 -0.844087725
206.3 -0.813367991
208.3 -0.549111224
210.3 -0.616721989
212.3 -0.630575454
214.3 -0.663796794
216.3 -0.400761194
218.3 -0.310218851
220.3 -0.418753297
222.3 -0.286614758
224.3 0.0551965538
226.3 -0.145152933
228.3 -0.181163448
230.3 -0.38433525
232.3 0.441873075
234.3 0.72683626
236.3 0.646179031
238.3 0.37493787
240.3 0.113406626
242.3 -0.171650289
244.3 -0.0714096525
246.3 0.802363528
248.3 1.27908071
250.3 0.945800387
252.3 1.40840458
254.3 0.876892974
256.3 -0.0581465358
258.3 -0.268478974
260.3 0.351189425
262.3 1.42916712
264.3 1.611042
266.3 0.674901918
268.3 1.37986417
270.3 1.29916365
272.3 1.43507942
274.3 0.496655205
276.3 1.02440534
278.3 1.42413826
280.3 1.63537563
282.3 1.62910971
284.3 0.133023925
286.3 0.270316429
288.3 0.33966328
290.3 0.689005247
292.3 0.486283087
294.3 0.564547833
296.3 0.320747587
298.3 0.57756572
300.3 0.396626776
302.3 0.364930286
304.3 0.381225773
306.3 0.354846076
308.3 0.432165705
310.3 0.734725807
312.3 1.02631752
314.3 0.939315318
316.3 0.486676999
318.3 0.598360349
320.3 0.355239829
322.3 0.301814871
324.3 0.27412658
326.3 0.443299379
328.3 0.382457688
330.3 0.478475918
332.3 0.354478479
334.3 -0.045160221
336.3 0.592059227
338.3 0.832386232
340.3 1.19894521
342.3 1.22037531
344.3 2.89086715
346.3 1.73192762
348.3 0.870615067
350.3 0.659576184
352.3 0.787928288
354.3 0.690082904
356.3 1.05574572
358.3 1.41146079
360.3 0.639360492
362.3 0.343783223
364.3 1.10700873
366.3 0.846758052
368.3 1.07222306
370.3 1.04244872
372.3 0.742068561
374.3 0.430495693
376.3 0.0436141526
378.3 -0.127985843
380.3 -0.193125568
382.3 -0.0676847814
384.3 -0.0910723284
386.3 -0.309755598
388.3 -0.558436976
390.3 -0.765936266
392.3 -1.0075437
394.3 -0.946196499
396.3 -1.06996627
398.3 -0.62373054
400.3 0.335452333
402.3 -0.266534851
404.3 -0.21322105
406.3 0.00588440454
408.3 -0.42833567
410.3 -0.141763184
412.3 -0.00753504608
414.3 0.506407812
416.3 0.740947874
418.3 0.993879322
420.3 0.635937456
422.3 -0.445966005
424.3 0.590963049
426.3 -0.701584182
428.3 -0.76456355
430.3 -0.381725055
432.3 0.0505341851
434.3 -0.133668296
436.3 0.0303733182
438.3 -0.272635129
440.3 -0.889654333
442.3 -0.756272294
444.3 -0.938076833
446.3 -0.886341851
448.3 -0.535184185
450.3 -0.824602914
452.3 -0.969302869
454.3 -0.732224103
456.3 -0.854174224
458.3 -0.911916661
460.3 -1.07089131
462.3 -1.3125675
464.3 -1.44128227
466.3 -1.46082129
468.3 -1.17570554
470.3 -1.15920608
472.3 -1.25554989
474.3 -1.29628012
476.3 -1.42753561
478.3 -1.44692595
480.3 -1.27441392
482.3 -0.811874314
484.3 -0.161807164
486.3 -0.366712706
488.3 -0.744716313
490.3 -0.951443509
492.3 -0.363034693
494.3 -0.469821599
496.3 0.204775603
498.3 0.209395439
500.3 0.358411568
502.3 0.811418061
504.3 0.743192713
506.3 0.607925085
508.3 0.0171576522
510.3 0.862506273
512.3 1.56536615
514.3 1.33698537
516.3 -0.573887967
518.3 -0.316005816
520.3 -0.523120177
522.3 1.47969335
524.3 1.53702821
526.3 0.745757211
528.3 0.821135589
530.3 1.81191115
532.3 -0.294013954
534.3 -0.710428717
536.3 -0.230386792
538.3 -0.550360954
540.3 -0.445647468
542.3 1.33198685
544.3 -0.16981292
546.3 -0.0616369721
548.3 0.480630528
550.3 0.828495149
552.3 -0.0219785425
554.3 -0.00979938093
556.3 1.58528866
558.3 1.17328432
560.3 0.224186472
562.3 -0.334947106
564.3 -1.68954232
566.3 -0.801560971
568.3 -0.375317811
570.3 0.04637575
572.3 -0.78236355
574.3 -0.425948363
576.3 -1.5287913
578.3 -0.958246055
580.3 -0.581862356
582.3 -0.226111454
584.3 0.420476643
586.3 0.0187838118
588.3 -0.0903079509
590.3 -0.581210646
592.3 -1.60797665
594.3 -0.969935177
596.3 -1.02831423
598.3 0.0358921742
600.3 1.45449706
602.3 0.320833941
604.3 -0.791763624
606.3 -1.8721842
608.3 -1.88670193
610.3 -1.28704842
612.3 -0.76926902
614.3 -1.06431102
616.3 -1.55710863
618.3 -1.81505045
620.3 -0.761360932
622.3 0.261819089
624.3 -0.0346033598
626.3 -0.658785473
628.3 -0.44578492
630.3 -0.463999547
632.3 -0.469343481
634.3 -0.173678561
636.3 0.0828000777
638.3 0.120322188
640.3 0.202549053
642.3 0.539626403
644.3 0.381321654
646.3 0.375618605
648.3 1.08836661
650.3 0.88412849
652.3 0.928607468
654.3 0.807799297
656.3 0.819863622
658.3 0.947170697
660.3 1.44048257
662.3 1.68659934
664.3 0.168509303
666.3 -0.786487687
668.3 0.358201066
670.3 -0.564619823
672.3 -0.637320664
674.3 -0.30153472
676.3 0.00432478354
678.3 0.027638855
680.3 -0.0988218772
682.3 -0.22584072
684.3 -0.372861042
686.3 -0.647609027
688.3 -0.623806576
690.3 -0.535586897
692.3 -0.653078949
694.3 -0.124377211
696.3 0.770042738
698.3 0.0830385803
700.3 -0.248246414
702.3 -0.213335791
704.3 -0.71556273
706.3 -0.674927147
708.3 -0.520000451
710.3 0.0252130134
712.3 0.0232023273
714.3 0.353556089
716.3 0.226901857
718.3 0.0994732839
720.3 0.244906587
722.3 0.349392034
724.3 0.518453132
726.3 0.52351812
728.3 0.843086722
730.3 0.828658783
732.3 0.200234303
734.3 -0.211133951
736.3 -0.0971036483
738.3 -0.16601663
740.3 -0.618925257
742.3 -0.655829372
744.3 -0.237255237
746.3 -0.10912385
748.3 -0.0495141045
750.3 -0.274241689
752.3 -0.544280152
754.3 -0.00915571019
756.3 0.485131778
758.3 0.325108866
760.3 0.463249497
762.3 0.602448667
764.3 -0.28650392
766.3 -0.768292297
768.3 -0.426495284
770.3 -0.0259549787
772.3 0.956223276
774.3 1.01040777
776.3 0.66096677
778.3 -0.104784086
780.3 -0.0621080265
782.3 -0.130794498
784.3 0.19168297
786.3 0.602140362
788.3 0.644446385
790.3 0.397101386
792.3 0.0213426736
794.3 0.032591872
796.3 -0.279150385
798.3 -0.0135151052
800.3 0.53139298
802.3 0.853574376
804.3 0.674240118
806.3 0.747548677
808.3 0.888237497
810.3 0.842438762
812.3 0.923863593
814.3 -0.116461148
816.3 -0.431982369
818.3 0.0344055808
820.3 0.38738726
822.3 0.476226131
824.3 0.362133068
826.3 -0.0663915425
828.3 -0.697794718
830.3 -1.26894461
832.3 -1.71186741
834.3 -1.66093154
836.3 -1.63790021
838.3 -1.62396355
840.3 -1.41078835
842.3 -1.69570804
844.3 -1.232638
846.3 -1.05749948
848.3 -0.944871696
850.3 -0.65972859
852.3 0.0824295729
854.3 0.358102564
856.3 0.193474411
858.3 0.0984923861
860.3 -0.0685803404
862.3 -0.147059458
864.3 -0.592681585
866.3 -0.15905176
868.3 1.24011969
870.3 1.82001718
872.3 1.59382523
874.3 1.35996529
876.3 1.23799049
878.3 1.15984886
880.3 1.19872546
882.3 1.6659634
884.3 1.9730375
886.3 1.99697537
888.3 1.68146264
890.3 1.85492193
892.3 2.29693388
894.3 1.5434739
896.3 0.432543768
898.3 0.918145225
900.3 1.51177999
902.3 1.28802117
904.3 1.22865616
906.3 1.37790095
908.3 1.31885242
910.3 1.1836549
912.3 1.29288119
914.3 1.17329456
916.3 0.618325065
918.3 0.467259902
920.3 1.06231478
922.3 1.50675286
924.3 0.908075377
926.3 0.510283429
928.3 0.387068473
930.3 -0.49491272
932.3 -0.230388635
934.3 0.0903386325
936.3 0.448958312
938.3 -0.632580612
940.3 -0.761290329
942.3 -0.646131076
944.3 -0.675673528
946.3 -0.818488458
948.3 -1.07171818
950.3 -0.972028947
952.3 -0.665394466
954.3 -0.548654469
956.3 -0.651094732
958.3 -0.890745732
960.3 -0.899274371
962.3 -0.18020899
964.3 -0.388116857
966.3 -0.403712423
968.3 -0.46489627
970.3 -0.821257137
972.3 -0.600976736
974.3 -0.71236647
976.3 -1.16187618
978.3 -1.08281726
980.3 -0.993760985
982.3 -0.912413079
984.3 -0.621371283
986.3 -0.490232449
988.3 -0.599191296
990.3 -0.0475570474
992.3 0.78368119
994.3 0.0258859882
996.3 -0.343216552
998.3 -0.398173252
1000.3 -0.0726868727
1002.3 0.138435929
1004.3 0.26999901
1006.3 0.248488982
1008.3 0.0632722995
1010.3 -0.19114624
1012.3 -0.561447539
1014.3 -0.0914665609
1016.3 -0.302864186
1018.3 -0.452735971
1020.3 -0.612169504
1022.3 -0.654287917
1024.3 -0.364546266
1026.3 -0.189308654
1028.3 -0.415848174
1030.3 -0.636437821
1032.3 -0.822955269
1034.3 -0.816586396
1036.3 -0.837054571
1038.3 -0.864596945
1040.3 -0.914233305
1042.3 -0.876398517
1044.3 -0.84761451
1046.3 -0.851517935
1048.3 -0.749472804
1050.3 -0.60592619
1052.3 -0.802084119
1054.3 -0.86765067
1056.3 -0.956499998
1058.3 0.277730781
1060.3 0.86895385
1062.3 0.697168271
1064.3 0.740633983
1066.3 1.02834212
1068.3 -0.183206244
1070.3 -0.471818266
1072.3 -0.255261628
1074.3 -0.579387252
1076.3 -0.247062047
1078.3 0.132720328
1080.3 0.274681217
1082.3 0.727474361
1084.3 1.68508913
1086.3 1.59503256
1088.3 1.05445608
1090.3 2.0621121
1092.3 2.11463851
1094.3 2.19800118
1096.3 1.52875872
1098.3 0.822995444
1100.3 0.725491396
1102.3 0.997113599
1104.3 1.7998951
1106.3 0.534821478
1108.3 0.850190458
1110.3 1.50611787
1112.3 2.17550606
1114.3 2.4696566
1116.3 1.9533495
1118.3 0.776305638
1120.3 0.412831068
1122.3 0.228615385
1124.3 0.0278463656
1126.3 0.0740003271
1128.3 0.0827275698
1130.3 0.0764720581
1132.3 0.254851898
1134.3 0.668282552
1136.3 0.35808549
1138.3 0.250346964
1140.3 -0.0261654243
1142.3 0.159743697
1144.3 0.178545288
1146.3 -0.799095275
1148.3 -0.977210919
1150.3 -0.222185186
1152.3 0.0148346449
1154.3 -0.0130697104
1156.3 -0.103680305
1158.3 -0.131829927
1160.3 0.507481965
1162.3 0.846755992
1164.3 0.498565356
1166.3 0.695610231
1168.3 0.771858988
1170.3 -0.569935746
1172.3 -1.365097
1174.3 -0.847988843
1176.3 -0.195977972
1178.3 -0.105782932
1180.3 0.113311717
1182.3 -0.0234730301
1184.3 -0.349295199
1186.3 -0.352065556
1188.3 0.678473663
1190.3 0.467778326
1192.3 0.346007575
1194.3 0.022877186
1196.3 -0.374077898
1198.3 -0.280350772
1200.3 0.0607307844
1202.3 -0.546160361
1204.3 -0.556480429
1206.3 -0.284506
1208.3 -0.166066452
1210.3 -0.324070871
1212.3 -0.527089617
1214.3 -0.688163828
1216.3 -0.34305942
1218.3 -0.292410003
1220.3 0.0840136895
1222.3 0.90438858
1224.3 -0.0026889281
1226.3 -0.272140236
1228.3 -0.368900245
1230.3 -0.349763539
1232.3 -0.0639587345
1234.3 -0.0498596424
1236.3 -0.0879339689
1238.3 -0.0418459178
1240.3 0.267099408
1242.3 -0.577608081
1244.3 -0.505765486
1246.3 -0.415013248
1248.3 -0.604951095
1250.3 -0.793506255
1252.3 -0.324432003
1254.3 -0.667891728
1256.3 0.283417923
1258.3 0.996600361
1260.3 0.777825796
1262.3 -0.184902076
1264.3 0.679087208
1266.3 0.469797405
1268.3 -0.269967795
1270.3 -0.974471462
1272.3 -1.26331006
1274.3 -1.32168014
1276.3 -0.176378328
1278.3 -0.316201326
1280.3 -0.947545955
1282.3 -0.619209172
1284.3 -0.125188109
1286.3 -0.0739300689
1288.3 -0.115682505
1290.3 -0.17819302
1292.3 -0.273009324
1294.3 -0.442529175
1296.3 -0.415750399
1298.3 -0.0660709391
1300.3 0.321326511
1302.3 0.455597603
1304.3 -0.212076532
1306.3 -0.459109748
1308.3 -0.40325457
1310.3 -0.268981649
1312.3 -0.227551587
1314.3 -0.356009744
1316.3 -0.403770869
1318.3 -0.140988407
1320.3 0.0260916712
1322.3 -0.308746036
1324.3 -0.200947834
1326.3 -0.152524283
1328.3 -0.231168085
1330.3 -0.393618183
1332.3 -0.567864921
1334.3 -0.56720135
1336.3 -0.548428283
1338.3 -0.187546617
1340.3 0.235442642
1342.3 -0.163461573
1344.3 -0.47426034
1346.3 -0.302877811
1348.3 -0.184345826
1350.3 -0.325234742
1352.3 -0.459622638
1354.3 -0.434310754
1356.3 -0.794438845
1358.3 -1.46939289
1360.3 -2.20738973
1362.3 -2.06129251
1364.3 -2.1347029
1366.3 -1.5574227
1368.3 -0.466207562
1370.3 0.621602167
1372.3 0.816143044
1374.3 0.854105503
1376.3 1.66107231
1378.3 2.40465701
1380.3 1.46707319
1382.3 0.293088252
1384.3 1.26436961
1386.3 1.25495389
1388.3 0.188108412
1390.3 0.111331197
1392.3 0.178620181
1394.3 0.0883578609
1396.3 0.133788202
1398.3 0.348462844
1400.3 0.319994913
1402.3 0.680059014
1404.3 0.451621976
1406.3 -0.0468417579
1408.3 -0.418550099
1410.3 -0.430767159
1412.3 -0.252541681
1414.3 -0.123937834
1416.3 -0.0979736107
1418.3 -0.188036176
1420.3 -0.392066478
1422.3 -0.538466974
1424.3 -0.639640097
1426.3 -0.721588265
1428.3 -0.817513893
1430.3 -0.357419429
1432.3 0.492692642
1434.3 0.707896799
1436.3 0.19665229
1438.3 -0.160735292
1440.3 -0.250329345
1442.3 -0.429762294
1444.3 -0.472851134
1446.3 -0.265597461
1448.3 -0.515264351
1450.3 -0.510653214
1452.3 -0.0757498584
1454.3 0.42458316
1456.3 0.22106805
1458.3 -0.400742185
1460.3 -0.580600977
1462.3 0.372810627
1464.3 2.86043386
1466.3 1.52612855
1468.3 2.83412513
1470.3 4.70788489
1472.3 5.95317699
1474.3 5.81884759
1476.3 3.07590828
1478.3 0.760940579
1480.3 -0.238020818
1482.3 0.473782483
1484.3 2.61865877
1486.3 3.16054034
1488.3 2.43494071
1490.3 1.43134779
1492.3 1.81066139
1494.3 2.74069758
1496.3 3.41402633
1498.3 3.41197153
1500.3 3.56222639
1502.3 2.88171491
1504.3 2.08197652
1506.3 1.36658149
1508.3 0.634699989
1510.3 0.572794345
1512.3 0.186157417
1514.3 0.222220345
1516.3 1.31636803
1518.3 0.758985369
1520.3 -0.205235026
1522.3 -0.681062021
1524.3 -0.611187535
1526.3 -0.776226533
1528.3 -0.347286213
1530.3 -0.189473701
1532.3 -0.416849903
1534.3 -0.927814106
1536.3 -1.32356553
1538.3 -0.909303333
1540.3 0.0533733517
1542.3 0.766188526
1544.3 0.487574
1546.3 0.971900206
1548.3 0.426091431
1550.3 0.50661036
1552.3 0.965611854
1554.3 -0.0915185254
1556.3 0.100989314
1558.3 0.164289957
1560.3 -0.0308467302
1562.3 -0.446727987
1564.3 0.35780032
1566.3 0.666199759
1568.3 0.355777914
1570.3 -0.408465367
1572.3 -0.603837978
1574.3 -0.616109443
1576.3 -0.596049446
1578.3 -0.377889445
1580.3 0.434523538
1582.3 3.22003471
1584.3 5.68941226
1586.3 5.16496279
1588.3 -0.267207186
1590.3 -1.28639126
1592.3 -1.49251401
1594.3 -1.48751557
1596.3 -1.47065932
1598.3 -1.4417934
1600.3 -1.32922761
1602.3 -1.23819497
1604.3 -1.19355938
1606.3 -1.19073877
1608.3 -1.10893579
1610.3 -1.46652242
1612.3 -1.62842454
1614.3 -1.60799883
1616.3 -1.57910965
1618.3 -1.39735988
1620.3 -0.754321812
1622.3 -0.481537163
1624.3 -0.472624636
1626.3 0.316720132
1628.3 0.0414477628
1630.3 -0.00429104449
1632.3 -0.160837805
1634.3 -0.587410902
1636.3 -0.929028643
1638.3 -0.541263149
1640.3 -0.438178738
1642.3 -0.557639678
1644.3 -0.556002501
1646.3 -0.605577421
1648.3 -0.674828314
1650.3 -0.746680346
1652.3 -0.75428924
1654.3 -0.58104132
1656.3 -0.378630503
1658.3 -0.3255198
1660.3 -0.383248975
1662.3 -0.49720383
1664.3 -0.493539252
1666.3 -0.435548442
1668.3 -0.478432127
1670.3 -0.589390942
1672.3 -0.645779353
1674.3 -0.304028745
1676.3 -0.245924387
1678.3 -0.632790067
1680.3 -1.06173423
1682.3 -0.883957619
1684.3 -0.881060949
1686.3 -0.974244911
1688.3 -1.01551016
1690.3 -0.930934208
1692.3 -0.720671507
1694.3 -1.04219954
1696.3 -0.887795901
1698.3 -0.55153831
1700.3 -0.369243215
1702.3 -0.823096592
1704.3 -0.470638543
1706.3 -0.449870887
1708.3 -0.441595486
1710.3 -0.259414167
1712.3 -0.913728691
1714.3 -0.855340763
1716.3 -0.650252064
1718.3 -0.604064245
1720.3 -0.807578962
1722.3 -0.766397941
1724.3 -0.847722932
1726.3 -0.927155622
1728.3 -0.609497608
1730.3 -0.0231503778
1732.3 -0.694515319
1734.3 -1.02399372
1736.3 -1.04438679
1738.3 -0.932895661
1740.3 -0.863921313
1742.3 -0.999864584
1744.3 -0.294226224
1746.3 -0.412906957
1748.3 -0.49320748
1750.3 -0.323628431
1752.3 -0.388170351
1754.3 -0.532833673
1756.3 -0.803618682
1758.3 -0.814692142
1760.3 -0.66064483
1762.3 -0.763612737
1764.3 -0.610816164
1766.3 -0.39848943
1768.3 -0.36770735
1770.3 -0.416502038
1772.3 0.0576094497
1774.3 -0.267992581
1776.3 -0.191457425
1778.3 -0.326183386
1780.3 -0.328392712
1782.3 -0.3143527
1784.3 -0.0622445701
1786.3 0.0747307346
1788.3 -0.348843032
1790.3 -0.77314139
1792.3 -0.493500718
1794.3 0.139851841
1796.3 -0.48376553
1798.3 0.500941166
1800.3 -0.293510885
1802.3 -0.40831557
1804.3 -0.00471278559
1806.3 -0.526350709
1808.3 -0.968818925
1810.3 -0.683788632
1812.3 -0.598292524
1814.3 -0.75664835
1816.3 -0.527110572
1818.3 -0.131394178
1820.3 0.599508433
1822.3 0.946478737
1824.3 0.0889276496
1826.3 -0.687851443
1828.3 -1.39856513
1830.3 -1.69439057
1832.3 -1.59768145