175.800107 0.096931275
178.800107 0.233358016
181.800107 0.0290240141
184.800107 -0.149267899
187.800107 0.0861048777
190.800107 0.154698173
193.800107 0.187935883
196.800107 0.314695962
199.800107 0.293438896
202.800107 0.306575981
205.800107 0.151510066
208.800107 -0.13083182
211.800107 -0.282449855
214.800107 -0.104622563
217.800107 -0.0833303381
220.800107 -0.0450669488
223.800107 -0.0766664573
226.800107 -0.0933694336
229.800107 0.0952731004
232.800107 -0.0752638157
235.800107 0.00365781072
238.800107 0.0761465597
241.800107 0.156437457
244.800107 0.0269630008
247.800107 0.0996860809
250.800107 0.214016317
253.800107 -0.0434253607
256.800107 -0.0214236936
259.800107 0.0931990771
262.800107 -0.0340205532
265.800107 0.162240561
268.800107 0.165301047
271.800107 0.0684461398
274.800107 0.158673836
277.800107 0.146324503
280.800107 0.0758217325
283.800107 -0.233870431
286.800107 -0.146780589
289.800107 -0.0847402291
292.800107 -0.204727715
295.800107 -0.297410847
298.800107 -0.167982549
301.800107 -0.334902788
304.800107 -0.359629952
307.800107 -0.355553003
310.800107 -0.176071242
313.800107 0.00893498258
316.800107 -0.228495655
319.800107 -0.332424819
322.800107 -0.125593852
325.800107 -0.00466154007
328.800107 0.0455359359
331.800107 0.0953470036
334.800107 0.077550542
337.800107 -0.28620729
340.800107 -0.241337736
343.800107 -0.090046458
346.800107 -0.0956240797
349.800107 -0.178561264
352.800107 -0.06139357
355.800107 -0.0406261591
358.800107 -0.0366946346
361.800107 -0.00730809395
364.800107 -0.104429492
367.800107 0.0112591913
370.800107 0.0286191219
373.800107 -0.104123199
376.800107 0.117803726
379.800107 0.0701072094
382.800107 0.0793686706
385.800107 0.117429496
388.800107 -0.0626672452
391.800107 -0.0360897297
394.800107 0.226549908
397.800107 -0.00222646427
400.800107 0.0534774009
403.800107 0.0317910725
406.800107 0.157621551
409.800107 0.264990277
412.800107 0.127954795
415.800107 0.175573568
418.800107 0.128905452
421.800107 0.140026143
424.800107 0.175890057
427.800107 0.216646834
430.800107 0.140951354
433.800107 -0.291836694
436.800107 0.209318014
439.800107 0.193418376
442.800107 -0.0773566155
445.800107 0.135449043
448.800107 0.16867235
451.800107 0.0944927604
454.800107 0.0870261412
457.800107 0.0325693641
460.800107 -0.292296117
463.800107 -0.150271057
466.800107 -0.257120067
469.800107 -0.472534487
472.800107 -0.0582088537
475.800107 -0.220404988
478.800107 -0.17659326
481.800107 -0.12579251
484.800107 -0.0440944137
487.800107 -0.0459052928
490.800107 -0.0389531755
493.800107 -0.304357886
496.800107 -0.223674052
499.800107 -0.159205412
502.800107 0.05547664
505.800107 0.184681357
508.800107 0.234126358
511.800107 0.0797942857
514.800107 0.0788599706
517.800107 0.266478477
520.800107 0.154657623
523.800107 0.0244480293
526.800107 0.0173737329
529.800107 -0.00811797799
532.800107 -0.0348967095
535.800107 0.0443258309
538.800107 -0.267024481
541.800107 -0.472785986
544.800107 -0.27007777
547.800107 0.190298351
550.800107 0.144635785
553.800107 0.253687758
556.800107 0.259049566
559.800107 0.364656793
562.800107 -0.1204566
565.800107 -0.00183033796
568.800107 0.0509748927
571.800107 0.235291195
574.800107 0.223402271
577.800107 0.0340880765
580.800107 -0.358104288
583.800107 -0.0765429178
586.800107 0.038371229
589.800107 0.123509062
592.800107 0.0780129318
595.800107 -0.284478802
598.800107 -0.160440601
601.800107 0.116679294
604.800107 0.116764049
607.800107 -0.116813536
610.800107 -0.0888551352
613.800107 0.0817993607
616.800107 0.120770708
619.800107 0.133464465
622.800107 0.213340631
625.800107 0.14794238
628.800107 -0.029632679
631.800107 0.044531911
634.800107 0.207966721
637.800107 -0.254224917
640.800107 -0.150054861
643.800107 -0.261702499
646.800107 -0.343791154
649.800107 -0.252165209
652.800107 -0.181737688
655.800107 -0.33532279
658.800107 -0.375980294
661.800107 -0.240312811
664.800107 -0.208491556
667.800107 -0.14133309
670.800107 -0.238322843
673.800107 -0.0313878242
676.800107 -0.180990323
679.800107 0.00395675744
682.800107 -0.153603721
685.800107 -0.307645973
688.800107 -0.10443497
691.800107 -0.06065882
694.800107 -0.101540705
697.800107 0.0447383437
700.800107 -0.00975614038
703.800107 -0.0803405372
706.800107 0.0584793643
709.800107 0.165499498
712.800107 0.0346023972
715.800107 -0.122795109
718.800107 0.100418464
721.800107 0.335745632
724.800107 0.395393968
727.800107 0.137887551
730.800107 -0.0452623743
733.800107 0.29788036
736.800107 0.0939021058
739.800107 0.205561668
742.800107 0.191988811
745.800107 0.208662316
748.800107 0.365421846
751.800107 0.473044931
754.800107 0.207399009
757.800107 0.365181844
760.800107 0.486389131
763.800107 0.528626035
766.800107 0.462969584
769.800107 0.272025369
772.800107 0.442787698
775.800107 0.343042011
778.800107 0.453399156
781.800107 0.35092324
784.800107 0.176840595
787.800107 0.171812066
790.800107 0.370217588
793.800107 0.177785297
796.800107 0.376541667
799.800107 0.315869083
802.800107 0.203843023
805.800107 -0.166287225
808.800107 -0.160562297
811.800107 0.0187443905
814.800107 -0.0816241697
817.800107 -0.26986896
820.800107 -0.216422053
823.800107 -0.177475656
826.800107 -0.337959872
829.800107 -0.329598783
832.800107 -0.178449899
835.800107 -0.150054748
838.800107 0.155767533
841.800107 0.0168924221
844.800107 -0.0117314137
847.800107 -0.227906946
850.800107 -0.0803781699
853.800107 -0.0303921002
856.800107 0.0753297144
859.800107 0.00581217618
862.800107 -0.251547524
865.800107 -0.345460439
868.800107 -0.3773914
871.800107 -0.436050609
874.800107 -0.3950393
877.800107 -0.357305288
880.800107 -0.312500962
883.800107 -0.209241334
886.800107 -0.149924706
889.800107 -0.261760712
892.800107 -0.128720721
895.800107 -0.361412582
898.800107 -0.243260287
901.800107 -0.423351063
904.800107 -0.267905405
907.800107 -0.593810541
910.800107 -0.469461091
913.800107 -0.160341997
916.800107 -0.217904842
919.800107 -0.0304925874
922.800107 -0.0259308343
925.800107 0.09618373
928.800107 0.0735740721
931.800107 -0.0418782292
934.800107 0.0765392036
937.800107 0.0300750704
940.800107 0.202227557
943.800107 0.0975540857
946.800107 -0.0177685046
949.800107 0.198368178
952.800107 0.23262871
955.800107 -0.0210222706
958.800107 0.122979223
961.800107 0.410818387
964.800107 0.378497994
967.800107 -0.197163476
970.800107 0.126062383
973.800107 0.16434159
976.800107 -0.021047616
979.800107 0.0957724302
982.800107 0.120909926
985.800107 0.202947652
988.800107 -0.126810451
991.800107 0.265250891
994.800107 0.0924765475
997.800107 0.352354032
1000.80011 0.325327439
1003.80011 0.177312062
1006.80011 0.352222768
1009.80011 0.169387366
1012.80011 -0.0309572051
1015.80011 0.0526849101
1018.80011 0.135417128
1021.80011 -0.0837549587
1024.80011 0.0291078329
1027.80011 0.0627649358
1030.80011 -0.173649875
1033.80011 -0.243172584
1036.80011 0.0260248189
1039.80011 0.169080648
1042.80011 0.167446149
1045.80011 0.0231899214
1048.80011 0.169072328
1051.80011 0.00943570133
1054.80011 0.014867602
1057.80011 0.0570597537
1060.80011 -0.0675240499
1063.80011 0.0489341962
1066.80011 0.0673574029
1069.80011 0.164073147
1072.80011 0.193474478
1075.80011 0.0469051409
1078.80011 -0.0326558512
1081.80011 -0.286782667
1084.80011 -0.051555998
1087.80011 0.352256232
1090.80011 0.266101217
1093.80011 -0.454004213
1096.80011 -0.299937227
1099.80011 -0.0453871287
1102.80011 -0.0796806419
1105.80011 -0.187363272
1108.80011 0.0205704421
1111.80011 -0.0743160858
1114.80011 0.0157566501
1117.80011 0.134173131
1120.80011 0.192030266
1123.80011 -0.0177935882
1126.80011 -0.314027721
1129.80011 -0.389536769
1132.80011 -0.304547807
1135.80011 -0.406716184
1138.80011 -0.449537567
1141.80011 -0.210876839
1144.80011 -0.220762282
1147.80011 -0.18208952
1150.80011 -0.196260213
1153.80011 -0.359235256
1156.80011 -0.394862469
1159.80011 -0.226317645
1162.80011 -0.115738416
1165.80011 -0.205307098
1168.80011 -0.264744447
1171.80011 -0.231052813
1174.80011 -0.231808608
1177.80011 -0.0615136326
1180.80011 0.0689210237
1183.80011 -0.0553075937
1186.80011 0.0264683457
1189.80011 0.00551081197
1192.80011 0.0315164543
1195.80011 -0.0430058375
1198.80011 -0.125942514
1201.80011 -0.00261272967
1204.80011 0.100583071
1207.80011 0.285277772
1210.80011 0.111191542
1213.80011 0.161186981
1216.80011 0.343435607
1219.80011 0.230062998
1222.80011 0.134821276
1225.80011 0.264377735
1228.80011 0.1110075
1231.80011 0.0328820375
1234.80011 0.0522712241
1237.80011 -0.15532729
1240.80011 0.194506168
1243.80011 -0.0140361541
1246.80011 -0.18199
1249.80011 0.158893959
1252.80011 0.00453124088
1255.80011 0.276558286
1258.80011 0.272495692
1261.80011 0.5234897
1264.80011 0.40829979
1267.80011 0.263133408
1270.80011 0.306678803
1273.80011 -0.074415587
1276.80011 -0.0376624356
1279.80011 -0.187370835
1282.80011 -0.117120274
1285.80011 -0.0179474266
1288.80011 0.0212854997
1291.80011 -0.245817241
1294.80011 -0.142764134
1297.80011 -0.189970358
1300.80011 -0.076163944
1303.80011 0.225622544
1306.80011 0.0378444398
1309.80011 0.0996198731
1312.80011 0.256010684
1315.80011 0.125392078
1318.80011 0.144714612
1321.80011 0.0420230289
1324.80011 -0.0906060498
1327.80011 0.181573929
1330.80011 0.176956701
1333.80011 0.251157926
1336.80011 0.129621042
1339.80011 -0.0541099124
1342.80011 0.210738968
1345.80011 0.16001141
1348.80011 -0.370924135
1351.80011 0.0546607481
1354.80011 -0.0305487846
1357.80011 0.114468426
1360.80011 0.258869681
1363.80011 0.280801445
1366.80011 0.205064199
1369.80011 0.104829939
1372.80011 0.0390772482
1375.80011 -0.0397563283
1378.80011 0.190500197
1381.80011 0.260542546
1384.80011 -0.0653886845
1387.80011 -0.132170062
1390.80011 -0.100356752
1393.80011 -0.147387221
1396.80011 0.020851313
1399.80011 0.0761020089
1402.80011 0.0743323965
1405.80011 -0.131395551
1408.80011 -0.0671616184
1411.80011 -0.137937335
1414.80011 -0.273872196
1417.80011 -0.29639725
1420.80011 -0.0813134103
1423.80011 -0.248136333
1426.80011 -0.25535284
1429.80011 -0.229464093
1432.80011 -0.103795497
1435.80011 -0.192198251
1438.80011 -0.0555506749
1441.80011 0.00815577759
1444.80011 -0.0663413405
1447.80011 -0.0429128164
1450.80011 -0.0178243821
1453.80011 -0.0319196144
1456.80011 -0.0482414167
1459.80011 -0.156095141
1462.80011 -0.189594511
1465.80011 -0.162061938
1468.80011 -0.252787318
1471.80011 -0.0297926123
1474.80011 -0.427873077
1477.80011 -0.106951453
1480.80011 -0.379940488
1483.80011 0.15176552
1486.80011 -0.118469613
1489.80011 0.0672655026
1492.80011 0.152195356
1495.80011 0.20372273
1498.80011 0.151857836
1501.80011 0.138070839
1504.80011 0.25301862
1507.80011 0.00345367015
1510.80011 0.1363852
1513.80011 0.162025785
1516.80011 -0.172148845
1519.80011 -0.204736448
1522.80011 0.0504813156
1525.80011 0.0913992572
1528.80011 0.00570242368
1531.80011 0.0450431925
1534.80011 0.133748618
1537.80011 -0.0349525757
1540.80011 -0.294579202
1543.80011 -0.101436255
1546.80011 -0.187259695
1549.80011 -0.651447813
1552.80011 -0.276620795
1555.80011 0.126732192
1558.80011 0.0270247141
1561.80011 0.0807874677
1564.80011 0.0556674537
1567.80011 0.205955455
1570.80011 0.114870719
1573.80011 0.194468097
1576.80011 0.323650651
1579.80011 0.402063891
1582.80011 0.297245052
1585.80011 0.156115839
1588.80011 0.096707267
1591.80011 -0.100755472
1594.80011 -0.190833335
1597.80011 -0.00437960104
1600.80011 -0.193703013
1603.80011 -0.397333331
1606.80011 -0.311082684
1609.80011 -0.243729325
1612.80011 -0.626530162
1615.80011 0.270553558
1618.80011 -0.0556235618
1621.80011 -0.0234909416
1624.80011 -0.2207686
1627.80011 -0.0344368612
1630.80011 0.105096996
1633.80011 0.0167506223
1636.80011 -0.195449518
1639.80011 -0.0524190793
1642.80011 0.129028884
1645.80011 0.141506756
1648.80011 0.0338504655
1651.80011 -0.0200142023
1654.80011 0.113277218
1657.80011 0.152794167
1660.80011 0.00769194671
1663.80011 -0.0394910035
1666.80011 -0.100660265
1669.80011 -0.341480437
1672.80011 0.0268900145
1675.80011 -0.0252500817
1678.80011 0.00651472189
1681.80011 -0.209922851
1684.80011 -0.315144908
1687.80011 0.222727076
1690.80011 -0.327987087
1693.80011 0.0248928073
1696.80011 0.0182064475
1699.80011 0.0574387968
1702.80011 0.124560887
1705.80011 0.191362698
1708.80011 0.186053632
1711.80011 0.00513350591
1714.80011 -0.208310146
1717.80011 -0.341236262
1720.80011 -0.470855347
1723.80011 -0.475485503
1726.80011 -0.303922047
1729.80011 -0.281493362
1732.80011 -0.490489753
1735.80011 -0.651374433
1738.80011 -0.0974339151
1741.80011 0.0371403586
1744.80011 -0.00549663105
1747.80011 -0.425766222
1750.80011 -0.487393307
1753.80011 -0.350678503
1756.80011 -0.315054888
1759.80011 -0.416503069
1762.80011 -0.189217576
1765.80011 0.0836961358
1768.80011 0.152955744
1771.80011 0.17886158
1774.80011 0.220081377
1777.80011 0.308524629
1780.80011 0.231897648
1783.80011 0.0942746552
1786.80011 0.0943534472
1789.80011 0.286346182
1792.80011 -0.22707529
1795.80011 -0.116239235
1798.80011 -0.0948476458
1801.80011 -0.255427224
1804.80011 0.275247105
1807.80011 0.209444814
1810.80011 0.00294684306
1813.80011 0.304751388
1816.80011 0.300484809
1819.80011 0.310439118
1822.80011 0.233390642
1825.80011 0.34359226
1828.80011 0.489799124
1831.80011 0.521385932
1834.80011 0.429668297
1837.80011 0.223007313
